"
  1.50008e-002  1.60919e-002  1.50008e-002  1.35006e-002  1.55464e-002
  1.88196e-002  1.89561e-002  1.77286e-002  1.84105e-002  1.70466e-002
  1.20003e-002  1.24094e-002  1.80013e-002  1.74558e-002  1.28186e-002
  1.36369e-002  1.71830e-002  1.69103e-002  1.54100e-002  1.56828e-002
  1.52736e-002  1.37733e-002  1.35006e-002  1.50008e-002  1.69103e-002
  1.82741e-002  1.86833e-002  1.62283e-002  1.33642e-002  1.52736e-002
  1.71830e-002  1.58191e-002  1.70466e-002  1.88196e-002  1.80013e-002
  1.70466e-002  1.63647e-002  1.48644e-002  1.43189e-002  1.52736e-002
  1.51372e-002  1.29550e-002  1.29550e-002  1.40461e-002  1.35006e-002
  1.45916e-002  1.73194e-002  1.80013e-002  1.71830e-002  1.63647e-002
  1.40461e-002  1.41825e-002  1.85469e-002  1.93652e-002  1.55464e-002
  1.47281e-002  1.78649e-002  1.82741e-002  1.55464e-002  1.43189e-002
  1.50008e-002  1.56828e-002  1.65011e-002  1.69103e-002  1.59555e-002
  1.52736e-002  1.48644e-002  1.45916e-002  1.45916e-002  1.44553e-002
  1.43189e-002  1.24094e-002  1.32278e-002  1.56828e-002  1.44553e-002
  1.48644e-002  1.59555e-002  1.32278e-002  1.21367e-002  1.47281e-002
  1.67739e-002  1.44553e-002  1.25459e-002  1.48644e-002  1.65011e-002
  1.66374e-002  1.85469e-002  1.92288e-002  1.74558e-002  1.63647e-002
  1.58191e-002  1.60919e-002  1.77286e-002  1.70466e-002  1.54100e-002
  1.51372e-002  1.54100e-002  1.51372e-002  1.44553e-002  1.50008e-002
  1.59555e-002  1.45916e-002  1.26823e-002  1.39097e-002  1.63647e-002
  1.41825e-002  1.18639e-002  1.54100e-002  1.84105e-002  1.71830e-002
  1.55464e-002  1.54100e-002  1.63647e-002  1.65011e-002  1.51372e-002
  1.52736e-002  1.78649e-002  1.81378e-002  1.58191e-002  1.60919e-002
  1.67739e-002  1.56828e-002  1.67739e-002  1.89561e-002  2.00471e-002
  1.92288e-002  1.80013e-002  1.84105e-002  1.77286e-002  1.80013e-002
  2.07291e-002  2.15474e-002  2.19566e-002  2.19566e-002  2.08654e-002
  2.35932e-002  2.57754e-002  2.25021e-002  2.04563e-002  2.34568e-002
  2.70029e-002  2.60482e-002  2.16838e-002  2.08654e-002  2.30476e-002
  2.25021e-002  1.90924e-002  1.78649e-002  1.92288e-002  1.95016e-002
  1.82741e-002  1.73194e-002  1.74558e-002  1.75922e-002  1.71830e-002
  1.77286e-002  1.70466e-002  1.47281e-002  1.47281e-002  1.52736e-002
  1.36369e-002  1.22731e-002  1.32278e-002  1.44553e-002  1.41825e-002
  1.26823e-002  1.25459e-002  1.52736e-002  1.81378e-002  1.84105e-002
  1.58191e-002  1.40461e-002  1.67739e-002  2.00471e-002  1.93652e-002
  1.71830e-002  1.62283e-002  1.63647e-002  1.55464e-002  1.25459e-002
  1.13184e-002  1.37733e-002  1.48644e-002  1.40461e-002  1.60919e-002
  1.82741e-002  1.59555e-002  1.52736e-002  1.84105e-002  1.93652e-002
  1.73194e-002  1.62283e-002  1.77286e-002  1.74558e-002  1.26823e-002
  1.21367e-002  1.65011e-002  1.56828e-002  1.30914e-002  1.52736e-002
  1.74558e-002  1.62283e-002  1.29550e-002  1.26823e-002  1.66374e-002
  1.71830e-002  1.39097e-002  1.52736e-002  1.90924e-002  1.88196e-002
  1.67739e-002  1.69103e-002  1.74558e-002  1.52736e-002  1.39097e-002
  1.52736e-002  1.48644e-002  1.40461e-002  1.50008e-002  1.59555e-002
  1.65011e-002  1.59555e-002  1.47281e-002  1.35006e-002  1.45916e-002
  1.80013e-002  1.90924e-002  1.82741e-002  1.69103e-002  1.43189e-002
  1.50008e-002  1.82741e-002  1.71830e-002  1.45916e-002  1.41825e-002
  1.33642e-002  1.51372e-002  1.78649e-002  1.67739e-002  1.74558e-002
  1.77286e-002  1.39097e-002  1.36369e-002  1.59555e-002  1.66374e-002
  1.55464e-002  1.15911e-002  9.54533e-003  1.03636e-002  1.13184e-002
  1.47281e-002  1.75922e-002  1.55464e-002  1.29550e-002  1.45916e-002
  1.63647e-002  1.39097e-002  1.32278e-002  1.58191e-002  1.58191e-002
  1.58191e-002  1.66374e-002  1.43189e-002  1.39097e-002  1.54100e-002
  1.32278e-002  1.15911e-002  1.40461e-002  1.59555e-002  1.54100e-002
  1.47281e-002  1.47281e-002  1.55464e-002  1.65011e-002  1.67739e-002
  1.59555e-002  1.55464e-002  1.58191e-002  1.44553e-002  1.51372e-002
  1.89561e-002  1.84105e-002  1.63647e-002  1.67739e-002  1.45916e-002
  1.28186e-002  1.52736e-002  1.69103e-002  1.62283e-002  1.40461e-002
  1.20003e-002  1.32278e-002  1.44553e-002  1.47281e-002  1.47281e-002
  1.30914e-002  1.13184e-002  1.03636e-002  1.10456e-002  1.13184e-002
  9.54533e-003  9.68170e-003  1.24094e-002  1.26823e-002  1.22731e-002
  1.28186e-002  1.24094e-002  1.39097e-002  1.66374e-002  1.62283e-002
  1.58191e-002  1.81378e-002  1.88196e-002  1.66374e-002  1.54100e-002
  1.55464e-002  1.59555e-002  1.70466e-002  1.70466e-002  1.55464e-002
  1.43189e-002  1.36369e-002  1.25459e-002  1.30914e-002  1.51372e-002
  1.33642e-002  1.10456e-002  1.32278e-002  1.44553e-002  1.20003e-002
  1.10456e-002  1.06364e-002  9.81814e-003  1.06364e-002  1.20003e-002
  1.33642e-002  1.29550e-002  1.05001e-002  1.17275e-002  1.50008e-002
  1.48644e-002  1.28186e-002  1.24094e-002  1.36369e-002  1.56828e-002
  1.70466e-002  1.69103e-002  1.69103e-002  1.81378e-002  1.80013e-002
  1.58191e-002  1.54100e-002  1.56828e-002  1.30914e-002  1.10456e-002
  1.32278e-002  1.70466e-002  1.70466e-002  1.37733e-002  1.32278e-002
  1.35006e-002  1.18639e-002  1.22731e-002  1.43189e-002  1.54100e-002
  1.52736e-002  1.28186e-002  1.05001e-002  9.95451e-003  8.59064e-003
  8.59064e-003  1.24094e-002  1.62283e-002  1.63647e-002  1.37733e-002
  1.36369e-002  1.75922e-002  1.78649e-002  1.51372e-002  1.60919e-002
  1.63647e-002  1.45916e-002  1.40461e-002  1.28186e-002  1.25459e-002
  1.29550e-002  1.21367e-002  1.40461e-002  1.74558e-002  1.77286e-002
  1.65011e-002  1.59555e-002  1.45916e-002  1.30914e-002  1.43189e-002
  1.67739e-002  1.75922e-002  1.43189e-002  9.40895e-003  1.03636e-002
  1.30914e-002  9.81814e-003  5.86289e-003  4.63539e-003  3.81708e-003
  4.08989e-003  5.45371e-003  5.45371e-003  4.36264e-003  4.22627e-003
  5.18095e-003  6.13564e-003  8.04508e-003  1.10456e-002  1.28186e-002
  1.25459e-002  1.03636e-002  8.31789e-003  9.13620e-003  1.05001e-002
  1.07728e-002  1.11820e-002  1.18639e-002  1.36369e-002  1.95016e-002
  2.37296e-002  2.37296e-002  2.89123e-002  3.75047e-002  4.11871e-002
  4.03688e-002  3.84594e-002  3.92777e-002  3.95505e-002  3.64136e-002
  3.47769e-002  3.42314e-002  3.24584e-002  3.09581e-002  3.08217e-002
  2.86395e-002  2.33204e-002  2.00471e-002  1.80013e-002  1.43189e-002
  1.15911e-002  9.40895e-003  7.90870e-003  8.04508e-003  7.36314e-003
  9.40895e-003  1.52736e-002  1.93652e-002  2.15474e-002  2.30476e-002
  2.67301e-002  3.31403e-002  3.49133e-002  3.40950e-002  3.84594e-002
  4.48696e-002  4.81429e-002  4.85520e-002  4.88248e-002  4.85520e-002
  4.69154e-002  4.60970e-002  4.54151e-002  4.35057e-002  4.07780e-002
  4.10507e-002  4.39149e-002  4.43240e-002  4.36421e-002  4.52787e-002
  4.96431e-002  5.50986e-002  5.87810e-002  6.21907e-002  6.71006e-002
  6.92829e-002  6.95556e-002  7.10559e-002  7.06468e-002  7.16014e-002
  7.85571e-002  8.31944e-002  8.42854e-002  8.78315e-002  9.19231e-002
  9.54691e-002  9.84696e-002  9.79241e-002  9.90152e-002  1.03789e-001
  1.08289e-001  1.12654e-001  1.19337e-001  1.26565e-001  1.31203e-001
  1.35021e-001  1.38840e-001  1.37613e-001  1.31066e-001  1.23838e-001
  1.14700e-001  1.03789e-001  9.51964e-002  8.70131e-002  7.77389e-002
  6.68279e-002  5.56442e-002  4.66426e-002  3.58680e-002  2.48207e-002
  1.73194e-002  1.10456e-002  6.54483e-003  3.81708e-003  4.07398e-004
 -2.45672e-003 -5.04804e-003 -7.91222e-003 -6.95747e-003 -2.45672e-003
  3.13514e-003  9.13620e-003  1.36369e-002  1.74558e-002  2.33204e-002
  2.82304e-002  2.87759e-002  3.12309e-002  3.66864e-002  4.02324e-002
  4.54151e-002  5.26437e-002  5.79627e-002  6.38274e-002  7.31016e-002
  8.40126e-002  9.61511e-002  1.18382e-001  1.52479e-001  1.89849e-001
  2.30629e-001  2.77819e-001  3.32783e-001  3.92656e-001  4.46802e-001
  4.95083e-001  5.44728e-001  5.99692e-001  6.61748e-001  7.23258e-001
  7.77677e-001  8.27867e-001  8.80922e-001  9.39296e-001  9.94669e-001
  1.03872e+000  1.07009e+000  1.09614e+000  1.12042e+000  1.14347e+000
  1.16665e+000  1.18847e+000  1.21084e+000  1.23553e+000  1.25967e+000
  1.28285e+000  1.30577e+000  1.32473e+000  1.33973e+000  1.35719e+000
  1.38078e+000  1.40410e+000  1.42156e+000  1.44161e+000  1.46493e+000
  1.48239e+000  1.49903e+000  1.51853e+000  1.53572e+000  1.55276e+000
  1.56995e+000  1.58727e+000  1.61005e+000  1.63200e+000  1.64687e+000
  1.66310e+000  1.68697e+000  1.71220e+000  1.73416e+000  1.75707e+000
  1.78367e+000  1.81163e+000  1.83727e+000  1.85977e+000  1.88091e+000
  1.90028e+000  1.91664e+000  1.92960e+000  1.94433e+000  1.96097e+000
  1.97365e+000  1.98552e+000  1.99998e+000  2.01307e+000  2.02330e+000
  2.03203e+000  2.03967e+000  2.05030e+000  2.06326e+000  2.06885e+000
  2.07444e+000  2.08726e+000  2.09354e+000  2.09681e+000  2.10827e+000
  2.11591e+000  2.11522e+000  2.11727e+000  2.12000e+000  2.11536e+000
  2.10581e+000  2.09327e+000  2.07485e+000  2.05371e+000  2.03107e+000
  1.99807e+000  1.95306e+000  1.90028e+000  1.83781e+000  1.76403e+000
  1.68179e+000  1.59232e+000  1.49303e+000  1.38746e+000  1.28313e+000
  1.18002e+000  1.07896e+000  9.81848e-001  8.83922e-001  7.85042e-001
  6.92844e-001  6.06511e-001  5.28771e-001  4.68215e-001  4.23480e-001
  3.88701e-001  3.62378e-001  3.44921e-001  3.33874e-001  3.23508e-001
  3.13143e-001  3.09460e-001  3.11097e-001  3.10006e-001  3.07687e-001
  3.08097e-001  3.05096e-001  2.94458e-001  2.80137e-001  2.62543e-001
  2.37312e-001  2.09625e-001  1.85075e-001  1.59298e-001  1.31203e-001
  1.07062e-001  8.96045e-002  7.43291e-002  5.80991e-002  4.51424e-002
  3.72319e-002  2.90487e-002  1.97744e-002  1.39097e-002  9.95451e-003
  6.68120e-003  3.54433e-003 -1.63841e-003 -4.91166e-003 -7.50303e-003
 -1.47315e-002 -2.30511e-002 -3.05524e-002 -3.83265e-002 -4.47367e-002
 -5.07377e-002 -5.56476e-002 -5.91937e-002 -6.54675e-002 -7.20141e-002
 -7.78787e-002 -8.26523e-002 -8.51072e-002 -9.00171e-002 -9.58818e-002
 -9.92915e-002 -1.02565e-001 -1.04883e-001 -1.07338e-001 -1.12521e-001
 -1.16067e-001 -1.14840e-001 -1.14021e-001 -1.17158e-001 -1.22886e-001
 -1.28887e-001 -1.33388e-001 -1.36116e-001 -1.40071e-001 -1.45663e-001
 -1.50164e-001 -1.53437e-001 -1.57120e-001 -1.59711e-001 -1.57256e-001
 -1.54392e-001 -1.57802e-001 -1.62030e-001 -1.62984e-001 -1.62166e-001
 -1.58893e-001 -1.55892e-001 -1.53710e-001 -1.52482e-001 -1.53983e-001
 -1.52755e-001 -1.49209e-001 -1.47709e-001 -1.47709e-001 -1.48936e-001
 -1.47027e-001 -1.41981e-001 -1.40071e-001 -1.39798e-001 -1.39526e-001
 -1.39935e-001 -1.39253e-001 -1.38707e-001 -1.37480e-001 -1.34752e-001
 -1.32979e-001 -1.33934e-001 -1.35434e-001 -1.34616e-001 -1.34479e-001
 -1.36389e-001 -1.35570e-001 -1.34616e-001 -1.38435e-001 -1.41435e-001
 -1.41026e-001 -1.39389e-001 -1.36116e-001 -1.35298e-001 -1.37343e-001
 -1.35843e-001 -1.32979e-001 -1.32843e-001 -1.32570e-001 -1.32570e-001
 -1.33797e-001 -1.32434e-001 -1.31479e-001 -1.31888e-001 -1.28069e-001
 -1.23159e-001 -1.20568e-001 -1.17567e-001 -1.14976e-001 -1.12521e-001
 -1.08020e-001 -1.03519e-001 -1.01474e-001 -1.00110e-001 -9.73821e-002
 -9.34268e-002 -9.02900e-002 -8.79713e-002 -8.36070e-002 -7.99245e-002
 -7.88334e-002 -7.77423e-002 -7.51510e-002 -7.32416e-002 -7.25597e-002
 -6.98319e-002 -6.54675e-002 -6.15123e-002 -5.82390e-002 -5.52385e-002
 -5.23744e-002 -5.03286e-002 -4.76008e-002 -4.36456e-002 -3.99631e-002
 -3.55988e-002 -3.23254e-002 -3.04161e-002 -2.70064e-002 -2.27784e-002
 -2.04598e-002 -1.71865e-002 -1.20038e-002 -9.95797e-003 -9.13966e-003
 -5.04804e-003 -9.56476e-004  2.99877e-003  6.40845e-003  7.63595e-003
  9.40895e-003  1.18639e-002  1.35006e-002  1.63647e-002  1.97744e-002
  2.15474e-002  2.16838e-002  2.23657e-002  2.57754e-002  3.00034e-002
  3.04126e-002  3.10945e-002  3.62772e-002  4.11871e-002  4.18690e-002
  4.15963e-002  4.41877e-002  4.62334e-002  4.55515e-002  4.56879e-002
  4.71882e-002  4.77337e-002  4.74609e-002  4.85520e-002  5.08706e-002
  5.18253e-002  5.22345e-002  5.33256e-002  5.52350e-002  5.87810e-002
  6.01449e-002  5.93266e-002  6.05541e-002  6.17816e-002  6.34182e-002
  6.69643e-002  6.65551e-002  6.46457e-002  6.84645e-002  7.24198e-002
  7.33745e-002  7.37836e-002  7.17378e-002  7.05104e-002  7.37836e-002
  7.62386e-002  7.65114e-002  7.70569e-002  7.76025e-002  7.93755e-002
  8.00574e-002  7.78753e-002  7.80116e-002  7.91028e-002  7.85571e-002
  7.92391e-002  8.06030e-002  8.07394e-002  8.16940e-002  8.52401e-002
  8.66040e-002  8.41490e-002  8.42854e-002  8.56493e-002  8.53765e-002
  8.57856e-002  8.48310e-002  8.36035e-002  8.59220e-002  8.90590e-002
  9.00136e-002  9.20595e-002  9.77877e-002  1.00925e-001  1.00925e-001
  1.04471e-001  1.09108e-001  1.12245e-001  1.13063e-001  1.13472e-001
  1.17291e-001  1.21928e-001  1.27929e-001  1.32566e-001  1.31884e-001
  1.32430e-001  1.35431e-001  1.34612e-001  1.33521e-001  1.36794e-001
  1.39931e-001  1.40886e-001  1.43614e-001  1.47296e-001  1.46478e-001
  1.44978e-001  1.48251e-001  1.51388e-001  1.50297e-001  1.50160e-001
  1.53024e-001  1.53706e-001  1.53570e-001  1.54525e-001  1.56025e-001
  1.56571e-001  1.52888e-001  1.51524e-001  1.55479e-001  1.56843e-001
  1.56707e-001  1.56298e-001  1.54388e-001  1.55889e-001  1.57525e-001
  1.54525e-001  1.53979e-001  1.58071e-001  1.58616e-001  1.56843e-001
  1.57662e-001  1.58616e-001  1.58889e-001  1.59571e-001  1.59844e-001
  1.58889e-001  1.56025e-001  1.54388e-001  1.57525e-001  1.58889e-001
  1.56025e-001  1.55616e-001  1.56571e-001  1.54934e-001  1.52206e-001
  1.50160e-001  1.50297e-001  1.50979e-001  1.50433e-001  1.50842e-001
  1.50979e-001  1.47433e-001  1.43614e-001  1.43205e-001  1.46069e-001
  1.50842e-001  1.52479e-001  1.47023e-001  1.45114e-001  1.50024e-001
  1.50569e-001  1.46614e-001  1.44841e-001  1.45250e-001  1.46478e-001
  1.46614e-001  1.48251e-001  1.50979e-001  1.47978e-001  1.42659e-001
  1.42795e-001  1.46341e-001  1.46478e-001  1.44568e-001  1.45114e-001
  1.45250e-001  1.44023e-001  1.44841e-001  1.46751e-001  1.49888e-001
  1.49888e-001  1.43614e-001  1.40477e-001  1.42795e-001  1.41295e-001
  1.39113e-001  1.40068e-001  1.38977e-001  1.36931e-001  1.38295e-001
  1.40477e-001  1.41159e-001  1.40340e-001  1.36249e-001  1.33248e-001
  1.35294e-001  1.35976e-001  1.34067e-001  1.34476e-001  1.33930e-001
  1.30111e-001  1.27111e-001  1.26838e-001  1.25883e-001  1.23565e-001
  1.24656e-001  1.26429e-001  1.24520e-001  1.23019e-001  1.22883e-001
  1.22201e-001  1.23838e-001  1.25201e-001  1.21655e-001  1.17018e-001
  1.16882e-001  1.20019e-001  1.18791e-001  1.14700e-001  1.14972e-001
  1.15245e-001  1.12381e-001  1.10608e-001  1.09790e-001  1.08971e-001
  1.08699e-001  1.07880e-001  1.08289e-001  1.09108e-001  1.04198e-001
  9.90152e-002  9.92880e-002  1.01743e-001  1.03789e-001  1.01061e-001
  9.73786e-002  9.73786e-002  9.53327e-002  9.19231e-002  9.09684e-002
  9.21959e-002  9.58784e-002  9.77877e-002  9.47872e-002  9.01500e-002
  8.79679e-002  8.91954e-002  9.12411e-002  9.09684e-002  8.94681e-002
  8.89226e-002  8.85134e-002  8.64676e-002  8.61949e-002  8.78315e-002
  8.45582e-002  8.29215e-002  8.67404e-002  8.63312e-002  8.57856e-002
  8.89226e-002  8.71495e-002  8.34671e-002  8.01938e-002  7.77389e-002
  8.10121e-002  8.41490e-002  8.33308e-002  8.08758e-002  7.92391e-002
  8.08758e-002  8.23760e-002  8.03303e-002  7.85571e-002  8.08758e-002
  8.18305e-002  7.61021e-002  7.20106e-002  7.43291e-002  7.65114e-002
  7.47384e-002  7.32380e-002  7.63750e-002  7.81480e-002  7.46019e-002
  7.39200e-002  7.58294e-002  7.29653e-002  7.03739e-002  7.17378e-002
  7.37836e-002  7.40564e-002  7.28289e-002  7.14650e-002  6.92829e-002
  6.90100e-002  7.22834e-002  7.37836e-002  7.11923e-002  6.86009e-002
  6.96920e-002  7.02375e-002  6.98284e-002  7.07831e-002  7.02375e-002
  6.75098e-002  6.62824e-002  6.68279e-002  6.56004e-002  6.51913e-002
  6.80554e-002  6.87373e-002  6.72370e-002  6.72370e-002  6.73734e-002
  6.66915e-002  6.69643e-002  6.61459e-002  6.41001e-002  6.41001e-002
  6.54640e-002  6.54640e-002  6.28726e-002  6.25999e-002  6.50549e-002
  6.57368e-002  6.60095e-002  6.54640e-002  6.36910e-002  6.41001e-002
  6.71006e-002  6.84645e-002  6.47821e-002  5.97358e-002  6.00085e-002
  6.47821e-002  6.64188e-002  6.43729e-002  6.28726e-002  6.17816e-002
  6.10996e-002  6.21907e-002  6.27363e-002  6.10996e-002  6.04177e-002
  6.24635e-002  6.34182e-002  6.30090e-002  6.50549e-002  6.69643e-002
  6.62824e-002  6.54640e-002  6.46457e-002  6.42365e-002  6.51913e-002
  6.36910e-002  6.20543e-002  6.43729e-002  6.34182e-002  5.90538e-002
  5.86447e-002  6.01449e-002  6.17816e-002  6.31455e-002  6.13724e-002
  6.19180e-002  6.45093e-002  6.23271e-002  6.06905e-002  6.28726e-002
  6.43729e-002  6.42365e-002  6.17816e-002  6.04177e-002  6.35546e-002
  6.53276e-002  6.21907e-002  6.04177e-002  6.24635e-002  6.41001e-002
  6.38274e-002  6.36910e-002  6.39638e-002  6.16452e-002  5.98722e-002
  6.19180e-002  6.31455e-002  6.16452e-002  6.16452e-002  6.27363e-002
  6.32818e-002  6.17816e-002  5.89175e-002  5.90538e-002  6.09632e-002
  6.17816e-002  6.28726e-002  6.28726e-002  6.00085e-002  5.82355e-002
  5.91902e-002  5.87810e-002  5.80991e-002  5.95994e-002  6.20543e-002
  6.21907e-002  5.61897e-002  5.22345e-002  5.67352e-002  6.06905e-002
  6.04177e-002  5.80991e-002  5.55078e-002  5.65988e-002  5.89175e-002
  5.67352e-002  5.30528e-002  5.18253e-002  5.22345e-002  5.31892e-002
  5.42803e-002  5.35983e-002  5.23708e-002  5.23708e-002  5.18253e-002
  5.03250e-002  5.03250e-002  5.14162e-002  5.07342e-002  5.03250e-002
  5.03250e-002  4.69154e-002  4.55515e-002  4.82792e-002  4.85520e-002
  4.66426e-002  4.52787e-002  4.37785e-002  4.33693e-002  4.37785e-002
  4.44604e-002  4.48696e-002  4.24146e-002  3.95505e-002  3.90049e-002
  3.92777e-002  3.96869e-002  3.70955e-002  3.50497e-002  3.79139e-002
  3.95505e-002  4.00960e-002  4.11871e-002  3.83230e-002  3.45042e-002
  3.36859e-002  3.23220e-002  2.93214e-002  2.87759e-002  3.01398e-002
  3.09581e-002  3.12309e-002  2.90487e-002  2.74121e-002  3.00034e-002
  3.10945e-002  2.76848e-002  2.37296e-002  2.23657e-002  2.29113e-002
  2.37296e-002  2.48207e-002  2.40024e-002  2.10019e-002  2.03199e-002
  2.26385e-002  2.18202e-002  1.69103e-002  1.51372e-002  1.69103e-002
  1.67739e-002  1.54100e-002  1.52736e-002  1.36369e-002  1.00909e-002
  1.14548e-002  1.45916e-002  1.35006e-002  1.17275e-002  8.86339e-003
  5.31733e-003  6.40845e-003  8.72701e-003  7.49952e-003  7.22677e-003
  7.90870e-003  6.81758e-003  6.81758e-003  6.68120e-003  2.31683e-003
 -1.77479e-003 -8.20041e-004 -8.20041e-004 -4.09335e-003 -6.00278e-003
 -4.77529e-003 -3.68422e-003 -3.82060e-003 -6.00278e-003 -1.07763e-002
 -1.18674e-002 -8.32134e-003 -7.77578e-003 -1.05035e-002 -1.13218e-002
 -1.33677e-002 -1.67773e-002 -1.63682e-002 -1.55498e-002 -1.90959e-002
 -2.18236e-002 -2.15509e-002 -2.11417e-002 -2.04598e-002 -2.18236e-002
 -2.64608e-002 -2.70064e-002 -2.35967e-002 -2.41423e-002 -2.75519e-002
 -2.95977e-002 -3.01433e-002 -3.10980e-002 -3.16435e-002 -3.16435e-002
 -3.31438e-002 -3.36893e-002 -3.31438e-002 -3.53260e-002 -3.92812e-002
 -4.13270e-002 -4.17362e-002 -4.20089e-002 -4.20089e-002 -4.24181e-002
 -4.33728e-002 -4.39184e-002 -4.73281e-002 -5.14196e-002 -5.14196e-002
 -5.04649e-002 -4.93739e-002 -4.91011e-002 -5.12832e-002 -5.27835e-002
 -5.37382e-002 -5.37382e-002 -5.25107e-002 -5.25107e-002 -5.37382e-002
 -5.55112e-002 -5.59204e-002 -5.51021e-002 -5.49657e-002 -5.68751e-002
 -6.11031e-002 -6.34217e-002 -6.15123e-002 -5.89209e-002 -5.94665e-002
 -6.15123e-002 -6.20579e-002 -6.30125e-002 -6.46492e-002 -6.38309e-002
 -6.24670e-002 -6.49220e-002 -7.01047e-002 -7.14685e-002 -6.83317e-002
 -6.73769e-002 -6.87408e-002 -6.87408e-002 -7.16049e-002 -7.56965e-002
 -7.24232e-002 -6.61494e-002 -6.54675e-002 -6.72405e-002 -6.95591e-002
 -7.25597e-002 -7.22868e-002 -7.22868e-002 -7.46054e-002 -7.41963e-002
 -7.24232e-002 -7.28324e-002 -7.56965e-002 -7.78787e-002 -7.70604e-002
 -7.58329e-002 -7.63785e-002 -7.70604e-002 -7.67877e-002 -7.70604e-002
 -8.04701e-002 -8.37433e-002 -7.96518e-002 -7.59693e-002 -7.97881e-002
 -8.14248e-002 -8.06065e-002 -8.31978e-002 -8.36070e-002 -8.08792e-002
 -8.04701e-002 -7.93790e-002 -7.80151e-002 -8.04701e-002 -8.22431e-002
 -8.07428e-002 -7.97881e-002 -7.84243e-002 -7.70604e-002 -7.80151e-002
 -7.97881e-002 -7.92426e-002 -7.91062e-002 -8.12884e-002 -8.16976e-002
 -8.16976e-002 -8.29250e-002 -8.30615e-002 -8.30615e-002 -8.41525e-002
 -8.22431e-002 -7.84243e-002 -7.77423e-002 -7.67877e-002 -7.59693e-002
 -7.89698e-002 -8.01973e-002 -7.78787e-002 -7.76060e-002 -7.82879e-002
 -7.80151e-002 -7.74696e-002 -7.54238e-002 -7.55602e-002 -8.00609e-002
 -7.76060e-002 -7.02410e-002 -7.37871e-002 -7.89698e-002 -7.40599e-002
 -6.95591e-002 -6.96955e-002 -7.16049e-002 -7.36507e-002 -7.25597e-002
 -7.07866e-002 -7.07866e-002 -7.02410e-002 -6.91500e-002 -6.95591e-002
 -7.10593e-002 -7.01047e-002 -6.79225e-002 -6.84680e-002 -6.84680e-002
 -6.58767e-002 -6.45128e-002 -6.50584e-002 -6.39672e-002 -6.24670e-002
 -6.21942e-002 -6.21942e-002 -6.39672e-002 -6.54675e-002 -6.24670e-002
 -5.98757e-002 -6.05575e-002 -6.02848e-002 -5.98757e-002 -5.83754e-002
 -5.52385e-002 -5.44202e-002 -5.45565e-002 -5.55112e-002 -5.67387e-002
 -5.41474e-002 -5.22380e-002 -5.51021e-002 -5.63295e-002 -5.21016e-002
 -4.96466e-002 -5.01922e-002 -4.92374e-002 -4.85555e-002 -4.84191e-002
 -4.69189e-002 -4.46003e-002 -4.41911e-002 -4.43275e-002 -4.33728e-002
 -4.39184e-002 -4.24181e-002 -3.76446e-002 -3.58715e-002 -3.66899e-002
 -3.55988e-002 -3.47804e-002 -3.64171e-002 -3.57351e-002 -3.31438e-002
 -3.25983e-002 -3.13708e-002 -3.04161e-002 -2.90522e-002 -2.48242e-002
 -2.45514e-002 -2.76883e-002 -2.40058e-002 -1.92323e-002 -2.30511e-002
 -2.57789e-002 -2.20965e-002 -2.15509e-002 -2.29148e-002 -2.05962e-002
 -1.74593e-002 -1.48679e-002 -1.56863e-002 -1.67773e-002 -1.20038e-002
 -9.00328e-003 -1.21402e-002 -1.29585e-002 -8.32134e-003 -4.91166e-003
 -5.86641e-003 -4.36616e-003 -1.77479e-003 -3.00229e-003 -4.63891e-003
 -3.95697e-003 -2.18391e-003 -1.50198e-003 -1.77479e-003  1.34647e-004
  3.81708e-003  6.68120e-003  5.45371e-003  2.45321e-003  3.81708e-003
  6.13564e-003  5.99927e-003  7.63595e-003  8.99982e-003  8.99982e-003
  9.27258e-003  1.03636e-002  1.20003e-002  1.28186e-002  1.22731e-002
  1.26823e-002  1.35006e-002  1.32278e-002  1.44553e-002  1.70466e-002
  1.65011e-002  1.60919e-002  1.71830e-002  1.67739e-002  1.65011e-002
  1.63647e-002  1.84105e-002  2.35932e-002  2.55026e-002  2.50934e-002
  2.52299e-002  2.35932e-002  2.18202e-002  2.30476e-002  2.49571e-002
  2.70029e-002  2.95942e-002  3.09581e-002  3.00034e-002  2.95942e-002
  3.04126e-002  3.15037e-002  3.38222e-002  3.50497e-002  3.28675e-002
  3.08217e-002  3.25947e-002  3.42314e-002  3.25947e-002  3.31403e-002
  3.65500e-002  3.98232e-002  3.99597e-002  3.73683e-002  3.60044e-002
  3.66864e-002  3.91413e-002  4.03688e-002  3.88685e-002  3.94141e-002
  3.95505e-002  3.66864e-002  3.72319e-002  4.11871e-002  4.28238e-002
  4.20054e-002  4.20054e-002  4.37785e-002  4.54151e-002  4.80065e-002
  5.03250e-002  4.73245e-002  4.56879e-002  4.78701e-002  4.81429e-002
  4.80065e-002  4.90976e-002  5.22345e-002  5.30528e-002  4.82792e-002
  4.84157e-002  5.25072e-002  5.00523e-002  4.82792e-002  5.29164e-002
  5.59169e-002  5.35983e-002  5.07342e-002  5.23708e-002  5.50986e-002
  5.40075e-002  5.23708e-002  5.34620e-002  5.60533e-002  5.64625e-002
  5.53713e-002  5.49622e-002  5.49622e-002  5.59169e-002  5.56442e-002
  5.42803e-002  5.55078e-002  5.65988e-002  5.59169e-002  5.75536e-002
  5.98722e-002  6.02813e-002  5.98722e-002  5.90538e-002  5.68717e-002
  5.48258e-002  5.64625e-002  6.01449e-002  6.02813e-002  5.83719e-002
  5.90538e-002  6.27363e-002  6.36910e-002  5.98722e-002  5.76900e-002
  6.02813e-002  6.42365e-002  6.42365e-002  6.01449e-002  5.87810e-002
  5.93266e-002  5.78263e-002  5.82355e-002  6.16452e-002  6.31455e-002
  6.04177e-002  6.02813e-002  6.51913e-002  6.60095e-002  6.13724e-002
  6.09632e-002  6.53276e-002  6.72370e-002  6.36910e-002  5.98722e-002
  6.16452e-002  6.51913e-002  6.51913e-002  6.38274e-002  6.30090e-002
  6.39638e-002  6.61459e-002  6.58731e-002  6.25999e-002  6.01449e-002
  6.24635e-002  6.46457e-002  6.42365e-002  6.51913e-002  6.53276e-002
  6.36910e-002  6.56004e-002  6.94193e-002  6.84645e-002  6.56004e-002
  6.60095e-002  6.83281e-002  7.02375e-002  6.92829e-002  6.69643e-002
  6.80554e-002  6.90100e-002  6.69643e-002  6.66915e-002  6.69643e-002
  6.60095e-002  6.72370e-002  6.73734e-002  6.62824e-002  6.69643e-002
  6.69643e-002  6.47821e-002  6.38274e-002  6.65551e-002  6.88736e-002
  6.79190e-002  6.65551e-002  6.42365e-002  6.43729e-002  6.92829e-002
  7.18741e-002  7.09195e-002  6.99648e-002  6.90100e-002  7.01011e-002
  7.10559e-002  6.92829e-002  6.87373e-002  7.05104e-002  7.14650e-002
  7.18741e-002  7.21470e-002  6.98284e-002  6.65551e-002  6.80554e-002
  7.21470e-002  7.20106e-002  7.11923e-002  7.44655e-002  7.67841e-002
  7.62386e-002  7.28289e-002  6.90100e-002  7.07831e-002  7.40564e-002
  7.58294e-002  7.81480e-002  7.88299e-002  7.69205e-002  7.37836e-002
  7.33745e-002  7.73296e-002  7.85571e-002  7.61021e-002  7.50111e-002
  7.61021e-002  7.74660e-002  7.65114e-002  7.52839e-002  7.86935e-002
  8.14213e-002  7.82844e-002  7.58294e-002  7.81480e-002  8.22396e-002
  8.41490e-002  8.30579e-002  8.11485e-002  7.97846e-002  8.00574e-002
  8.11485e-002  8.25124e-002  8.27851e-002  8.08758e-002  8.11485e-002
  8.26488e-002  8.16940e-002  8.14213e-002  8.30579e-002  8.41490e-002
  8.59220e-002  8.68767e-002  8.51038e-002  8.61949e-002  8.91954e-002
  8.79679e-002  8.46946e-002  8.55129e-002  8.85134e-002  8.91954e-002
  8.81042e-002  8.72859e-002  8.89226e-002  8.96045e-002  8.70131e-002
  8.70131e-002  8.96045e-002  8.82406e-002  8.68767e-002  9.04229e-002
  9.43781e-002  9.43781e-002  9.20595e-002  9.15139e-002  9.28777e-002
  9.30142e-002  9.31506e-002  9.56055e-002  9.80605e-002  9.72422e-002
  9.41052e-002  9.41052e-002  9.88789e-002  9.77877e-002  9.30142e-002
  9.58784e-002  1.00106e-001  9.86061e-002  9.72422e-002  9.77877e-002
  9.84696e-002  9.84696e-002  9.76514e-002  9.92880e-002  1.01607e-001
  1.00515e-001  9.99699e-002  1.01061e-001  1.01470e-001  1.03380e-001
  1.04334e-001  1.05016e-001  1.09108e-001  1.11290e-001  1.07471e-001
  1.04061e-001  1.05835e-001  1.07198e-001  1.07062e-001  1.08562e-001
  1.08017e-001  1.05425e-001  1.05698e-001  1.08426e-001  1.09381e-001
  1.08699e-001  1.06926e-001  1.07062e-001  1.10744e-001  1.12790e-001
  1.14154e-001  1.16200e-001  1.14291e-001  1.11426e-001  1.11699e-001
  1.13609e-001  1.13336e-001  1.11426e-001  1.09790e-001  1.08562e-001
  1.11699e-001  1.15654e-001  1.15927e-001  1.16200e-001  1.15791e-001
  1.14154e-001  1.12108e-001  1.12517e-001  1.16336e-001  1.16200e-001
  1.13609e-001  1.16064e-001  1.19746e-001  1.19337e-001  1.16609e-001
  1.16745e-001  1.18246e-001  1.17700e-001  1.16745e-001  1.17155e-001
  1.17700e-001  1.15382e-001  1.12517e-001  1.13609e-001  1.17155e-001
  1.16745e-001  1.13063e-001  1.14972e-001  1.19064e-001  1.17291e-001
  1.13609e-001  1.14700e-001  1.19610e-001  1.18519e-001  1.13745e-001
  1.16473e-001  1.21655e-001  1.21383e-001  1.17837e-001  1.16745e-001
  1.17700e-001  1.17837e-001  1.18519e-001  1.17564e-001  1.15109e-001
  1.14018e-001  1.12108e-001  1.14018e-001  1.20155e-001  1.20019e-001
  1.18246e-001  1.20428e-001  1.20019e-001  1.17018e-001  1.14427e-001
  1.14427e-001  1.16609e-001  1.18246e-001  1.16882e-001  1.15382e-001
  1.16200e-001  1.14836e-001  1.13063e-001  1.15109e-001  1.14291e-001
  1.10199e-001  1.09790e-001  1.12517e-001  1.13472e-001  1.11972e-001
  1.09653e-001  1.09108e-001  1.09926e-001  1.08699e-001  1.07880e-001
  1.07744e-001  1.05289e-001  1.06789e-001  1.10472e-001  1.08426e-001
  1.05698e-001  1.07608e-001  1.06516e-001  1.05016e-001  1.07880e-001
  1.06380e-001  1.02561e-001  1.03243e-001  1.01743e-001  9.68330e-002
  9.61511e-002  1.00106e-001  1.02152e-001  1.00925e-001  9.99699e-002
  9.98335e-002  9.86061e-002  9.66966e-002  9.77877e-002  9.88789e-002
  9.46509e-002  9.21959e-002  9.58784e-002  9.71057e-002  9.34234e-002
  9.04229e-002  9.04229e-002  9.17867e-002  9.24686e-002  9.09684e-002
  8.83770e-002  8.93317e-002  9.11047e-002  8.87862e-002  8.72859e-002
  8.75587e-002  8.70131e-002  8.57856e-002  8.23760e-002  7.95119e-002
  8.00574e-002  8.23760e-002  8.12849e-002  7.70569e-002  7.74660e-002
  8.07394e-002  7.92391e-002  7.81480e-002  7.88299e-002  7.71933e-002
  7.71933e-002  7.74660e-002  7.51475e-002  7.47384e-002  7.43291e-002
  6.95556e-002  6.61459e-002  6.83281e-002  7.13286e-002  7.16014e-002
  7.02375e-002  6.72370e-002  6.46457e-002  6.61459e-002  6.75098e-002
  6.54640e-002  6.41001e-002  6.28726e-002  6.17816e-002  6.01449e-002
  5.75536e-002  5.90538e-002  5.95994e-002  5.55078e-002  5.48258e-002
  5.59169e-002  5.31892e-002  5.10070e-002  5.33256e-002  5.59169e-002
  5.48258e-002  4.97795e-002  4.48696e-002  4.58243e-002  4.81429e-002
  4.74609e-002  4.74609e-002  4.74609e-002  4.69154e-002  4.60970e-002
  4.20054e-002  4.20054e-002  4.55515e-002  4.14599e-002  3.77774e-002
  4.11871e-002  4.13235e-002  3.84594e-002  3.73683e-002  3.55952e-002
  3.31403e-002  3.25947e-002  3.39586e-002  3.49133e-002  3.35494e-002
  3.06853e-002  2.98670e-002  3.15037e-002  3.09581e-002  2.85031e-002
  2.82304e-002  2.68665e-002  2.46843e-002  2.57754e-002  2.53662e-002
  2.34568e-002  2.42751e-002  2.50934e-002  2.44115e-002  2.46843e-002
  2.59118e-002  2.48207e-002  2.22293e-002  1.99108e-002  1.62283e-002
  1.43189e-002  1.73194e-002  1.88196e-002  1.56828e-002  1.36369e-002
  1.52736e-002  1.82741e-002  1.96380e-002  1.88196e-002  1.62283e-002
  1.51372e-002  1.52736e-002  1.33642e-002  1.22731e-002  1.15911e-002
  9.95451e-003  9.81814e-003  9.54533e-003  8.04508e-003  5.59014e-003
  3.27152e-003  3.95346e-003  6.95401e-003  1.06364e-002  1.22731e-002
  9.68170e-003  5.99927e-003  2.86239e-003  3.54433e-003  8.45426e-003
  7.90870e-003  4.08989e-003  5.18095e-003  4.22627e-003  1.34647e-004
 -4.10914e-004  1.36214e-003  2.31683e-003  1.08933e-003 -1.09285e-003
  1.34647e-004  1.90765e-003  6.80208e-004 -8.20041e-004 -1.91116e-003
 -2.45672e-003 -2.45672e-003 -4.91166e-003 -6.82110e-003 -5.72997e-003
 -4.77529e-003 -3.68422e-003 -3.41141e-003 -5.72997e-003 -6.68472e-003
 -6.95747e-003 -7.23028e-003 -6.00278e-003 -5.59360e-003 -7.36666e-003
 -7.63941e-003 -6.54835e-003 -6.13916e-003 -4.63891e-003 -6.00278e-003
 -1.03672e-002 -1.10491e-002 -1.00944e-002 -9.95797e-003 -9.27609e-003
 -9.54884e-003 -1.07763e-002 -1.21402e-002 -1.33677e-002 -1.28222e-002
 -1.11855e-002 -1.10491e-002 -1.30949e-002 -1.58226e-002 -1.52771e-002
 -1.47315e-002 -1.60954e-002 -1.30949e-002 -1.03672e-002 -1.47315e-002
 -1.96415e-002 -1.77321e-002 -1.43224e-002 -1.65046e-002 -2.05962e-002
 -2.04598e-002 -1.82776e-002 -1.81412e-002 -1.89595e-002 -1.86868e-002
 -1.69137e-002 -1.60954e-002 -1.69137e-002 -1.74593e-002 -1.75956e-002
 -1.78685e-002 -1.84140e-002 -1.84140e-002 -1.80048e-002 -1.82776e-002
 -1.80048e-002 -1.66410e-002 -1.69137e-002 -1.88231e-002 -1.99143e-002
 -1.86868e-002 -1.74593e-002 -1.86868e-002 -2.04598e-002 -2.00506e-002
 -1.65046e-002 -1.33677e-002 -1.50043e-002 -1.85504e-002 -2.08690e-002
 -1.97778e-002 -1.70501e-002 -1.67773e-002 -1.85504e-002 -2.04598e-002
 -2.03234e-002 -1.74593e-002 -1.66410e-002 -1.78685e-002 -1.77321e-002
 -1.86868e-002 -2.03234e-002 -1.85504e-002 -1.75956e-002 -2.07326e-002
 -2.27784e-002 -2.27784e-002 -2.25056e-002 -2.05962e-002 -2.04598e-002
 -2.25056e-002 -2.19601e-002 -2.11417e-002 -2.10053e-002 -1.84140e-002
 -1.90959e-002 -2.33239e-002 -2.26420e-002 -2.01870e-002 -2.04598e-002
 -1.95051e-002 -1.84140e-002 -2.00506e-002 -2.07326e-002 -1.92323e-002
 -1.85504e-002 -1.92323e-002 -1.96415e-002 -1.81412e-002 -1.81412e-002
 -2.04598e-002 -2.14145e-002 -2.10053e-002 -2.26420e-002 -2.45514e-002
 -2.35967e-002 -2.14145e-002 -1.97778e-002 -1.96415e-002 -2.19601e-002
 -1.97778e-002 -1.52771e-002 -1.84140e-002 -2.33239e-002 -2.26420e-002
 -2.00506e-002 -1.93687e-002 -2.07326e-002 -2.18236e-002 -2.08690e-002
 -2.00506e-002 -1.99143e-002 -2.00506e-002 -2.07326e-002 -2.11417e-002
 -2.23692e-002 -2.27784e-002 -2.00506e-002 -1.82776e-002 -1.95051e-002
 -2.07326e-002 -1.97778e-002 -1.80048e-002 -1.82776e-002 -1.80048e-002
 -1.82776e-002 -2.07326e-002 -2.11417e-002 -1.93687e-002 -1.81412e-002
 -2.05962e-002 -2.40058e-002 -2.12781e-002 -1.84140e-002 -1.96415e-002
 -2.11417e-002 -2.37331e-002 -2.50970e-002 -2.48242e-002 -2.76883e-002
 -2.80975e-002 -2.30511e-002 -2.01870e-002 -2.25056e-002 -2.48242e-002
 -2.37331e-002 -2.33239e-002 -2.64608e-002 -2.61881e-002 -2.26420e-002
 -2.20965e-002 -2.14145e-002 -2.03234e-002 -2.25056e-002 -2.52333e-002
 -2.55061e-002 -2.38695e-002 -2.35967e-002 -2.63245e-002 -2.61881e-002
 -2.22328e-002 -2.11417e-002 -2.27784e-002 -2.34603e-002 -2.41423e-002
 -2.35967e-002 -2.22328e-002 -2.49606e-002 -3.01433e-002 -3.00069e-002
 -2.75519e-002 -2.95977e-002 -2.82338e-002 -2.30511e-002 -2.40058e-002
 -2.48242e-002 -2.14145e-002 -2.22328e-002 -2.61881e-002 -2.82338e-002
 -2.86430e-002 -2.76883e-002 -2.65972e-002 -2.59153e-002 -2.67336e-002
 -2.93249e-002 -3.00069e-002 -2.90522e-002 -2.82338e-002 -2.71428e-002
 -2.78247e-002 -2.91886e-002 -2.68700e-002 -2.53697e-002 -2.72791e-002
 -2.78247e-002 -2.74155e-002 -2.78247e-002 -2.87794e-002 -3.09616e-002
 -3.00069e-002 -2.76883e-002 -3.16435e-002 -3.40985e-002 -2.86430e-002
 -2.76883e-002 -3.19163e-002 -3.23254e-002 -3.10980e-002 -3.17799e-002
 -3.20527e-002 -3.08252e-002 -3.02796e-002 -2.95977e-002 -2.98705e-002
 -3.34166e-002 -3.46441e-002 -3.13708e-002 -2.94613e-002 -3.10980e-002
 -3.28710e-002 -3.20527e-002 -3.20527e-002 -3.19163e-002 -2.91886e-002
 -3.01433e-002 -3.34166e-002 -3.17799e-002 -3.15071e-002 -3.51896e-002
 -3.40985e-002 -3.15071e-002 -3.15071e-002 -3.08252e-002 -3.19163e-002
 -3.40985e-002 -3.40985e-002 -3.17799e-002 -3.20527e-002 -3.64171e-002
 -3.68263e-002 -3.28710e-002 -3.17799e-002 -3.30074e-002 -3.27346e-002
 -3.24619e-002 -3.39621e-002 -3.28710e-002 -2.98705e-002 -2.95977e-002
 -3.00069e-002 -3.17799e-002 -3.35529e-002 -3.34166e-002 -3.46441e-002
 -3.55988e-002 -3.50532e-002 -3.65534e-002 -3.65534e-002 -3.40985e-002
 -3.39621e-002 -3.42349e-002 -3.21891e-002 -3.01433e-002 -2.97341e-002
 -3.09616e-002 -3.21891e-002 -3.20527e-002 -3.06888e-002 -3.05524e-002
 -3.35529e-002 -3.49168e-002 -3.24619e-002 -3.00069e-002 -3.01433e-002
 -3.24619e-002 -3.40985e-002 -3.20527e-002 -2.91886e-002 -2.76883e-002
 -2.60516e-002 -2.55061e-002 -2.97341e-002 -3.38257e-002 -3.09616e-002
 -2.76883e-002 -3.00069e-002 -2.98705e-002 -2.80975e-002 -3.04161e-002
 -3.09616e-002 -2.97341e-002 -3.08252e-002 -3.10980e-002 -3.10980e-002
 -3.13708e-002 -2.94613e-002 -2.86430e-002 -2.98705e-002 -3.10980e-002
 -3.06888e-002 -2.87794e-002 -2.98705e-002 -3.16435e-002 -3.01433e-002
 -2.80975e-002 -2.74155e-002 -2.80975e-002 -3.06888e-002 -3.06888e-002
 -2.70064e-002 -2.67336e-002 -2.76883e-002 -2.52333e-002 -2.49606e-002
 -2.80975e-002 -2.90522e-002 -2.65972e-002 -2.38695e-002 -2.16873e-002
 -2.07326e-002 -2.25056e-002 -2.52333e-002 -2.44150e-002 -2.16873e-002
 -2.46878e-002 -2.78247e-002 -2.45514e-002 -2.37331e-002 -2.38695e-002
 -1.86868e-002 -1.62318e-002 -1.86868e-002 -1.80048e-002 -1.71865e-002
 -1.96415e-002 -1.97778e-002 -1.75956e-002 -1.55498e-002 -1.45952e-002
 -1.63682e-002 -1.84140e-002 -1.73229e-002 -1.36405e-002 -1.24130e-002
 -1.62318e-002 -1.65046e-002 -1.20038e-002 -1.02308e-002 -1.21402e-002
 -1.44588e-002 -1.56863e-002 -1.51407e-002 -1.25493e-002 -1.00944e-002
 -1.11855e-002 -1.20038e-002 -1.06399e-002 -1.13218e-002 -1.24130e-002
 -1.24130e-002 -1.28222e-002 -1.13218e-002 -1.00944e-002 -7.63941e-003
 -2.86585e-003 -4.63891e-003 -9.95797e-003 -8.86691e-003 -6.82110e-003
 -9.00328e-003 -8.04859e-003 -4.36616e-003 -2.59310e-003 -1.50198e-003
 -1.36560e-003 -3.54779e-003 -4.63891e-003 -3.00229e-003 -1.36560e-003
 -1.77479e-003 -2.72948e-003 -3.13866e-003 -2.04754e-003 -1.38164e-004
  8.16584e-004  1.49852e-003  1.77127e-003  1.77127e-003  1.77127e-003
  1.08933e-003  2.18046e-003  4.36264e-003  3.54433e-003  1.63490e-003
  1.08933e-003  1.36214e-003  3.81708e-003  6.68120e-003  5.45371e-003
  5.18095e-003  8.86339e-003  1.10456e-002  1.00909e-002  8.59064e-003
  7.22677e-003  6.81758e-003  7.63595e-003  9.54533e-003  1.05001e-002
  9.54533e-003  8.99982e-003  8.31789e-003  8.18145e-003  6.40845e-003
  5.04458e-003  9.27258e-003  1.20003e-002  1.09092e-002  1.20003e-002
  1.25459e-002  1.06364e-002  1.18639e-002  1.47281e-002  1.29550e-002
  1.20003e-002  1.59555e-002  1.70466e-002  1.50008e-002  1.45916e-002
  1.43189e-002  1.51372e-002  1.77286e-002  1.85469e-002  1.74558e-002
  1.67739e-002  1.60919e-002  1.65011e-002  1.73194e-002  1.55464e-002
  1.50008e-002  1.84105e-002  2.10019e-002  2.00471e-002  2.05927e-002
  2.49571e-002  2.71392e-002  2.45479e-002  2.18202e-002  2.08654e-002
  2.08654e-002  2.11383e-002  2.10019e-002  2.18202e-002  2.45479e-002
  2.79576e-002  2.76848e-002  2.31841e-002  2.20929e-002  2.40024e-002
  2.55026e-002  2.64573e-002  2.55026e-002  2.45479e-002  2.52299e-002
  2.65937e-002  2.75484e-002  2.59118e-002  2.60482e-002  2.89123e-002
  2.60482e-002  2.29113e-002  2.72757e-002  3.04126e-002  2.80940e-002
  2.70029e-002  2.86395e-002  2.91851e-002  2.78212e-002  2.79576e-002
  3.01398e-002  3.05489e-002  2.86395e-002  2.75484e-002  2.72757e-002
  2.74121e-002  2.90487e-002  3.09581e-002  3.21856e-002  3.16401e-002
  2.85031e-002  2.75484e-002  3.09581e-002  3.45042e-002  3.43678e-002
  3.24584e-002  3.35494e-002  3.46406e-002  3.09581e-002  2.75484e-002
  2.85031e-002  3.04126e-002  3.16401e-002  3.27311e-002  3.28675e-002
  3.30039e-002  3.23220e-002  3.01398e-002  3.02762e-002  3.34131e-002
  3.39586e-002  3.00034e-002  2.82304e-002  3.06853e-002  3.12309e-002
  3.06853e-002  3.34131e-002  3.43678e-002  3.08217e-002  2.97306e-002
  3.20492e-002  3.35494e-002  3.32767e-002  3.20492e-002  3.09581e-002
  3.00034e-002  2.94579e-002  3.00034e-002  3.16401e-002  3.12309e-002
  3.01398e-002  3.15037e-002  3.12309e-002  2.98670e-002  3.21856e-002
  3.28675e-002  3.09581e-002  3.21856e-002  3.31403e-002  3.10945e-002
  3.15037e-002  3.21856e-002  2.91851e-002  2.83667e-002  3.01398e-002
  3.02762e-002  3.02762e-002  2.90487e-002  2.79576e-002  3.01398e-002
  3.02762e-002  2.95942e-002  3.17764e-002  3.08217e-002  2.82304e-002
  3.09581e-002  3.30039e-002  3.08217e-002  2.85031e-002  2.67301e-002
  2.74121e-002  3.00034e-002  2.97306e-002  2.86395e-002  2.80940e-002
  2.65937e-002  2.67301e-002  2.87759e-002  2.98670e-002  2.98670e-002
  2.78212e-002  2.44115e-002  2.25021e-002  2.49571e-002  2.70029e-002
  2.38660e-002  2.29113e-002  2.61846e-002  2.76848e-002  2.64573e-002
  2.65937e-002  2.78212e-002  2.68665e-002  2.57754e-002  2.63209e-002
  2.61846e-002  2.44115e-002  2.23657e-002  2.26385e-002  2.37296e-002
  2.29113e-002  2.10019e-002  2.14110e-002  2.44115e-002  2.60482e-002
  2.35932e-002  2.05927e-002  2.22293e-002  2.38660e-002  2.25021e-002
  2.29113e-002  2.34568e-002  2.19566e-002  2.30476e-002  2.41387e-002
  2.42751e-002  2.45479e-002  2.30476e-002  2.31841e-002  2.38660e-002
  2.18202e-002  2.05927e-002  2.01835e-002  2.00471e-002  2.25021e-002
  2.55026e-002  2.48207e-002  2.10019e-002  1.90924e-002  1.90924e-002
  1.97744e-002  2.00471e-002  1.82741e-002  1.78649e-002  1.85469e-002
  1.78649e-002  1.92288e-002  2.04563e-002  1.99108e-002  2.10019e-002
  2.07291e-002  1.73194e-002  1.62283e-002  1.77286e-002  1.82741e-002
  1.90924e-002  1.93652e-002  1.70466e-002  1.56828e-002  1.71830e-002
  1.90924e-002  1.89561e-002  1.67739e-002  1.51372e-002  1.62283e-002
  1.86833e-002  1.78649e-002  1.50008e-002  1.39097e-002  1.39097e-002
  1.40461e-002  1.54100e-002  1.70466e-002  1.69103e-002  1.63647e-002
  1.77286e-002  1.78649e-002  1.52736e-002  1.43189e-002  1.55464e-002
  1.50008e-002  1.36369e-002  1.41825e-002  1.40461e-002  1.29550e-002
  1.44553e-002  1.55464e-002  1.36369e-002  1.26823e-002  1.26823e-002
  1.13184e-002  1.28186e-002  1.66374e-002  1.73194e-002  1.62283e-002
  1.51372e-002  1.44553e-002  1.52736e-002  1.35006e-002  1.09092e-002
  1.26823e-002  1.48644e-002  1.37733e-002  1.28186e-002  1.37733e-002
  1.36369e-002  1.10456e-002  1.09092e-002  1.30914e-002  1.22731e-002
  9.54533e-003  9.40895e-003  1.26823e-002  1.48644e-002  1.10456e-002
  7.49952e-003  9.54533e-003  1.00909e-002  9.13620e-003  1.14548e-002
  1.17275e-002  9.13620e-003  9.95451e-003  1.11820e-002  1.06364e-002
  1.10456e-002  9.81814e-003  8.18145e-003  8.86339e-003  8.18145e-003
  8.04508e-003  1.10456e-002  1.24094e-002  1.21367e-002  1.25459e-002
  1.22731e-002  1.11820e-002  1.02273e-002  9.40895e-003  1.03636e-002
  1.17275e-002  1.09092e-002  1.07728e-002  1.03636e-002  7.49952e-003
  7.22677e-003  9.68170e-003  8.72701e-003  5.18095e-003  5.86289e-003
  9.95451e-003  1.06364e-002  9.54533e-003  1.05001e-002  9.81814e-003
  8.72701e-003  1.11820e-002  1.35006e-002  1.30914e-002  1.14548e-002
  1.05001e-002  9.95451e-003  8.72701e-003  8.72701e-003  1.11820e-002
  1.48644e-002  1.73194e-002  1.45916e-002  8.18145e-003  4.90820e-003
  5.18095e-003  7.09039e-003  8.45426e-003  6.40845e-003  5.99927e-003
  9.40895e-003  1.03636e-002  9.68170e-003  9.81814e-003  8.86339e-003
  9.95451e-003  1.10456e-002  8.45426e-003  7.36314e-003  9.81814e-003
  1.14548e-002  9.40895e-003  7.77233e-003  1.06364e-002  1.30914e-002
  1.13184e-002  9.54533e-003  1.00909e-002  9.95451e-003  9.54533e-003
  1.09092e-002  1.21367e-002  1.29550e-002  1.32278e-002  1.07728e-002
  9.27258e-003  9.95451e-003  9.13620e-003  8.72701e-003  9.40895e-003
  8.31789e-003  7.63595e-003  9.40895e-003  8.99982e-003  5.72652e-003
  4.77177e-003  5.99927e-003  6.40845e-003  5.99927e-003  7.49952e-003
  1.05001e-002  1.03636e-002  7.49952e-003  6.40845e-003  6.40845e-003
  7.22677e-003  9.13620e-003  9.13620e-003  5.86289e-003  4.36264e-003
  5.86289e-003  6.13564e-003  4.77177e-003  3.40796e-003  3.68071e-003
  5.72652e-003  6.95401e-003  8.04508e-003  7.63595e-003  4.63539e-003
  5.04458e-003  8.04508e-003  7.36314e-003  5.31733e-003  4.90820e-003
  5.72652e-003  6.95401e-003  5.18095e-003  2.31683e-003  4.22627e-003
  6.40845e-003  4.49902e-003  1.77127e-003  4.07398e-004  4.07398e-004
  1.77127e-003  1.49852e-003  1.34647e-004  1.22571e-003  2.58958e-003
  2.99877e-003  3.40796e-003  3.40796e-003  3.40796e-003  3.13514e-003
  3.95346e-003  5.59014e-003  4.77177e-003  2.31683e-003  4.07398e-004
 -8.20041e-004  8.16584e-004  1.77127e-003  1.22571e-003  1.36214e-003
 -8.20041e-004 -9.56476e-004  2.31683e-003  2.04408e-003 -8.20041e-004
 -2.72948e-003 -1.91116e-003 -5.47290e-004 -9.56476e-004 -1.09285e-003
 -1.38164e-004  5.43773e-004 -9.56476e-004 -3.95697e-003 -4.09335e-003
 -2.32035e-003 -1.63841e-003 -1.36560e-003 -5.47290e-004  4.07398e-004
 -2.74539e-004 -1.77479e-003 -3.82060e-003 -4.77529e-003 -4.50253e-003
 -6.13916e-003 -6.68472e-003 -5.18447e-003 -6.27553e-003 -8.04859e-003
 -7.36666e-003 -5.32085e-003 -3.54779e-003 -3.54779e-003 -3.41141e-003
 -3.27504e-003 -3.27504e-003 -2.86585e-003 -3.82060e-003 -5.72997e-003
 -6.68472e-003 -6.95747e-003 -6.27553e-003 -7.09385e-003 -1.09127e-002
 -1.11855e-002 -8.32134e-003 -8.73053e-003 -1.15947e-002 -1.09127e-002
 -7.50303e-003 -7.23028e-003 -1.02308e-002 -1.15947e-002 -9.68522e-003
 -7.36666e-003 -7.36666e-003 -1.02308e-002 -1.29585e-002 -1.14583e-002
 -8.86691e-003 -9.54884e-003 -1.10491e-002 -1.00944e-002 -1.15947e-002
 -1.50043e-002 -1.29585e-002 -1.03672e-002 -1.14583e-002 -1.10491e-002
 -1.09127e-002 -1.25493e-002 -1.25493e-002 -1.14583e-002 -1.33677e-002
 -1.65046e-002 -1.58226e-002 -1.32313e-002 -1.37768e-002 -1.32313e-002
 -1.25493e-002 -1.50043e-002 -1.37768e-002 -1.09127e-002 -1.30949e-002
 -1.40496e-002 -1.14583e-002 -1.18674e-002 -1.66410e-002 -2.04598e-002
 -1.90959e-002 -1.50043e-002 -1.33677e-002 -1.30949e-002 -1.32313e-002
 -1.51407e-002 -1.51407e-002 -1.32313e-002 -1.32313e-002 -1.37768e-002
 -1.39132e-002 -1.60954e-002 -1.69137e-002 -1.43224e-002 -1.69137e-002
 -2.12781e-002 -1.60954e-002 -1.43224e-002 -2.05962e-002 -2.08690e-002
 -1.75956e-002 -1.75956e-002 -1.74593e-002 -1.60954e-002 -1.74593e-002
 -1.96415e-002 -1.82776e-002 -1.56863e-002 -1.47315e-002 -1.50043e-002
 -1.71865e-002 -1.97778e-002 -1.84140e-002 -1.67773e-002 -1.70501e-002
 -1.63682e-002 -1.62318e-002 -1.62318e-002 -1.41860e-002 -1.44588e-002
 -2.00506e-002 -2.33239e-002 -2.00506e-002 -1.70501e-002 -1.71865e-002
 -1.89595e-002 -2.05962e-002 -1.96415e-002 -1.77321e-002 -1.66410e-002
 -1.89595e-002 -2.23692e-002 -2.03234e-002 -1.62318e-002 -1.75956e-002
 -2.08690e-002 -1.95051e-002 -1.66410e-002 -1.67773e-002 -1.81412e-002
 -1.85504e-002 -1.66410e-002 -1.67773e-002 -1.90959e-002 -1.84140e-002
 -1.75956e-002 -1.82776e-002 -1.66410e-002 -1.54135e-002 -1.65046e-002
 -1.74593e-002 -1.93687e-002 -1.97778e-002 -1.63682e-002 -1.85504e-002
 -2.30511e-002 -1.92323e-002 -1.48679e-002 -1.65046e-002 -1.73229e-002
 -1.59590e-002 -1.77321e-002 -2.05962e-002 -2.07326e-002 -1.93687e-002
 -1.60954e-002 -1.36405e-002 -1.40496e-002 -1.69137e-002 -1.86868e-002
 -1.50043e-002 -1.35041e-002 -1.59590e-002 -1.63682e-002 -1.66410e-002
 -1.55498e-002 -1.28222e-002 -1.20038e-002 -1.26857e-002 -1.24130e-002
 -1.14583e-002 -1.29585e-002 -1.30949e-002 -9.00328e-003 -7.91222e-003
 -9.27609e-003 -1.09127e-002 -1.43224e-002 -1.58226e-002 -1.40496e-002
 -1.17310e-002 -9.82159e-003 -9.13966e-003 -1.02308e-002 -1.22766e-002
 -1.02308e-002 -6.00278e-003 -8.04859e-003 -1.32313e-002 -1.41860e-002
 -1.11855e-002 -7.63941e-003 -8.04859e-003 -1.06399e-002 -1.05035e-002
 -1.03672e-002 -1.06399e-002 -8.32134e-003 -6.95747e-003 -9.00328e-003
 -9.41247e-003 -8.32134e-003 -7.09385e-003 -5.59360e-003 -6.13916e-003
 -6.54835e-003 -3.95697e-003 -4.36616e-003 -6.13916e-003 -4.36616e-003
 -3.13866e-003 -3.27504e-003 -3.82060e-003 -5.86641e-003 -5.86641e-003
 -5.32085e-003 -6.27553e-003 -4.50253e-003 -2.59310e-003 -4.22972e-003
 -4.77529e-003 -2.32035e-003 -1.50198e-003 -2.32035e-003 -2.18391e-003
 -3.13866e-003 -2.45672e-003  5.43773e-004 -1.36560e-003 -4.63891e-003
 -1.22923e-003  1.49852e-003 -1.91116e-003 -4.09335e-003 -2.18391e-003
  8.16584e-004  1.49852e-003 -1.38164e-004  1.49852e-003  4.49902e-003
  2.04408e-003 -1.38164e-004  3.27152e-003  5.86289e-003  5.04458e-003
  3.40796e-003  1.36214e-003  6.80208e-004  4.07398e-004  1.34647e-004
  2.45321e-003  5.72652e-003  7.49952e-003  7.22677e-003  5.59014e-003
  6.54483e-003  9.68170e-003  1.07728e-002  8.72701e-003  6.95401e-003
  9.13620e-003  9.68170e-003  6.54483e-003  6.27208e-003  7.63595e-003
  7.90870e-003  8.99982e-003  9.81814e-003  9.68170e-003  9.40895e-003
  1.00909e-002  1.18639e-002  1.14548e-002  1.02273e-002  1.03636e-002
  8.59064e-003  7.36314e-003  1.00909e-002  1.17275e-002  1.00909e-002
  8.86339e-003  1.05001e-002  1.24094e-002  1.17275e-002  1.14548e-002
  1.41825e-002  1.48644e-002  1.28186e-002  1.15911e-002  1.05001e-002
  1.15911e-002  1.52736e-002  1.56828e-002  1.35006e-002  1.37733e-002
  1.52736e-002  1.56828e-002  1.55464e-002  1.43189e-002  1.43189e-002
  1.59555e-002  1.60919e-002  1.66374e-002  1.74558e-002  1.56828e-002
  1.45916e-002  1.66374e-002  1.86833e-002  1.82741e-002  1.82741e-002
  2.08654e-002  2.01835e-002  1.75922e-002  1.69103e-002  1.69103e-002
  1.86833e-002  2.00471e-002  1.90924e-002  1.95016e-002  2.10019e-002
  2.05927e-002  2.18202e-002  2.41387e-002  2.29113e-002  2.07291e-002
  2.15474e-002  2.37296e-002  2.40024e-002  2.12746e-002  1.93652e-002
  2.10019e-002  2.31841e-002  2.19566e-002  2.03199e-002  2.12746e-002
  2.03199e-002  1.93652e-002  2.26385e-002  2.33204e-002  2.14110e-002
  2.30476e-002  2.38660e-002  2.29113e-002  2.29113e-002  2.26385e-002
  2.33204e-002  2.50934e-002  2.52299e-002  2.57754e-002  2.61846e-002
  2.45479e-002  2.31841e-002  2.30476e-002  2.31841e-002  2.44115e-002
  2.48207e-002  2.27749e-002  2.30476e-002  2.46843e-002  2.41387e-002
  2.48207e-002  2.59118e-002  2.48207e-002  2.38660e-002  2.33204e-002
  2.22293e-002  2.49571e-002  2.85031e-002  2.67301e-002  2.37296e-002
  2.44115e-002  2.68665e-002  2.78212e-002  2.70029e-002  2.70029e-002
  2.65937e-002  2.41387e-002  2.27749e-002  2.37296e-002  2.59118e-002
  2.67301e-002  2.68665e-002  2.95942e-002  3.04126e-002  2.72757e-002
  2.60482e-002  2.75484e-002  2.93214e-002  2.90487e-002  2.74121e-002
  2.83667e-002  2.97306e-002  2.94579e-002  2.83667e-002  2.89123e-002
  3.09581e-002  3.05489e-002  2.98670e-002  3.04126e-002  3.00034e-002
  2.93214e-002  2.72757e-002  2.61846e-002  2.83667e-002  2.86395e-002
  2.75484e-002  2.90487e-002  2.90487e-002  2.78212e-002  2.90487e-002
  2.95942e-002  2.82304e-002  2.72757e-002  2.83667e-002  3.02762e-002
  2.95942e-002  2.76848e-002  2.59118e-002  2.44115e-002  2.71392e-002
  3.02762e-002  2.98670e-002  3.12309e-002  3.27311e-002  3.16401e-002
  3.08217e-002  3.04126e-002  3.08217e-002  3.13672e-002  3.05489e-002
  3.17764e-002  3.43678e-002  3.34131e-002  3.21856e-002  3.39586e-002
  3.40950e-002  3.16401e-002  3.06853e-002  3.23220e-002  3.39586e-002
  3.21856e-002  2.86395e-002  2.83667e-002  3.15037e-002  3.27311e-002
  3.24584e-002  3.55952e-002  3.70955e-002  3.36859e-002  3.24584e-002
  3.32767e-002  3.20492e-002  3.20492e-002  3.34131e-002  3.30039e-002
  3.24584e-002  3.45042e-002  3.60044e-002  3.47769e-002  3.43678e-002
  3.49133e-002  3.60044e-002  3.80502e-002  3.76410e-002  3.39586e-002
  3.31403e-002  3.65500e-002  3.76410e-002  3.49133e-002  3.45042e-002
  3.65500e-002  3.60044e-002  3.58680e-002  3.79139e-002  3.69591e-002
  3.54589e-002  3.57317e-002  3.50497e-002  3.54589e-002  3.77774e-002
  3.68227e-002  3.54589e-002  3.83230e-002  3.83230e-002  3.60044e-002
  3.70955e-002  3.83230e-002  3.84594e-002  3.81866e-002  3.72319e-002
  3.92777e-002  4.15963e-002  4.00960e-002  3.95505e-002  4.10507e-002
  4.06416e-002  3.95505e-002  3.99597e-002  4.09144e-002  4.11871e-002
  3.87322e-002  3.60044e-002  3.69591e-002  4.00960e-002  4.29602e-002
  4.20054e-002  3.92777e-002  3.95505e-002  4.05052e-002  4.03688e-002
  3.91413e-002  3.88685e-002  3.90049e-002  3.87322e-002  3.99597e-002
  4.11871e-002  4.05052e-002  3.98232e-002  4.24146e-002  4.59607e-002
  4.58243e-002  4.28238e-002  4.06416e-002  4.20054e-002  4.41877e-002
  4.37785e-002  4.30965e-002  4.28238e-002  4.09144e-002  4.10507e-002
  4.43240e-002  4.62334e-002  4.47332e-002  4.14599e-002  4.17327e-002
  4.44604e-002  4.39149e-002  4.28238e-002  4.48696e-002  4.56879e-002
  4.17327e-002  3.98232e-002  4.45968e-002  4.75973e-002  4.58243e-002
  4.67790e-002  4.88248e-002  4.71882e-002  4.60970e-002  4.66426e-002
  4.66426e-002  4.66426e-002  4.47332e-002  4.17327e-002  4.22782e-002
  4.50060e-002  4.52787e-002  4.55515e-002  4.70518e-002  4.77337e-002
  4.75973e-002  4.45968e-002  4.32329e-002  4.70518e-002  4.92340e-002
  4.67790e-002  4.45968e-002  4.63699e-002  4.80065e-002  4.67790e-002
  4.56879e-002  4.71882e-002  4.90976e-002  4.73245e-002  4.65062e-002
  5.00523e-002  5.16889e-002  4.88248e-002  4.74609e-002  4.88248e-002
  4.67790e-002  4.62334e-002  5.01887e-002  4.89612e-002  4.56879e-002
  4.70518e-002  4.81429e-002  4.81429e-002  4.89612e-002  4.89612e-002
  4.92340e-002  4.97795e-002  4.92340e-002  5.00523e-002  5.11433e-002
  4.92340e-002  4.84157e-002  4.88248e-002  4.84157e-002  5.01887e-002
  5.19617e-002  5.19617e-002  5.27800e-002  5.35983e-002  5.30528e-002
  5.15525e-002  5.23708e-002  5.23708e-002  4.86884e-002  4.85520e-002
  5.08706e-002  5.07342e-002  5.25072e-002  5.38711e-002  5.18253e-002
  5.16889e-002  5.12798e-002  5.10070e-002  5.20981e-002  5.08706e-002
  4.90976e-002  4.85520e-002  5.08706e-002  5.44167e-002  5.16889e-002
  5.05978e-002  5.52350e-002  5.40075e-002  4.95067e-002  4.84157e-002
  4.69154e-002  4.62334e-002  4.80065e-002  5.00523e-002  5.08706e-002
  5.10070e-002  5.22345e-002  5.05978e-002  4.69154e-002  4.74609e-002
  5.03250e-002  5.08706e-002  5.18253e-002  5.30528e-002  5.04615e-002
  4.73245e-002  4.89612e-002  5.05978e-002  4.84157e-002  4.69154e-002
  4.67790e-002  4.66426e-002  4.84157e-002  4.90976e-002  4.77337e-002
  4.85520e-002  4.86884e-002  4.69154e-002  4.78701e-002  4.89612e-002
  4.88248e-002  5.03250e-002  4.96431e-002  4.69154e-002  4.69154e-002
  4.78701e-002  4.86884e-002  5.00523e-002  4.99159e-002  4.74609e-002
  4.55515e-002  4.63699e-002  4.77337e-002  4.66426e-002  4.65062e-002
  4.99159e-002  4.88248e-002  4.50060e-002  4.60970e-002  4.71882e-002
  4.66426e-002  4.71882e-002  4.59607e-002  4.43240e-002  4.55515e-002
  4.62334e-002  4.51424e-002  4.40512e-002  4.29602e-002  4.52787e-002
  4.77337e-002  4.58243e-002  4.44604e-002  4.66426e-002  5.04615e-002
  4.97795e-002  4.26874e-002  3.94141e-002  4.33693e-002  4.59607e-002
  4.39149e-002  4.29602e-002  4.50060e-002  4.62334e-002  4.75973e-002
  4.69154e-002  4.30965e-002  4.10507e-002  4.03688e-002  4.18690e-002
  4.48696e-002  4.32329e-002  3.87322e-002  3.83230e-002  4.07780e-002
  4.20054e-002  4.21419e-002  4.21419e-002  3.95505e-002  3.73683e-002
  3.99597e-002  4.29602e-002  4.30965e-002  4.14599e-002  3.88685e-002
  3.83230e-002  4.02324e-002  4.32329e-002  4.52787e-002  4.30965e-002
  3.75047e-002  3.45042e-002  3.73683e-002  4.05052e-002  3.92777e-002
  3.79139e-002  3.80502e-002  3.83230e-002  3.84594e-002  3.90049e-002
  3.90049e-002  3.75047e-002  3.55952e-002  3.50497e-002  3.47769e-002
  3.42314e-002  3.61408e-002  3.92777e-002  3.99597e-002  3.98232e-002
  3.94141e-002  3.81866e-002  3.76410e-002  3.81866e-002  3.84594e-002
  3.81866e-002  3.77774e-002  3.65500e-002  3.68227e-002  3.73683e-002
  3.55952e-002  3.50497e-002  3.57317e-002  3.57317e-002  3.72319e-002
  3.64136e-002  3.42314e-002  3.31403e-002  3.06853e-002  3.02762e-002
  3.09581e-002  2.95942e-002  3.06853e-002  3.38222e-002  3.39586e-002
  3.16401e-002  2.94579e-002  2.97306e-002  3.21856e-002  3.30039e-002
  3.16401e-002  2.97306e-002  2.83667e-002  2.83667e-002  2.82304e-002
  2.82304e-002  2.97306e-002  3.20492e-002  3.25947e-002  3.17764e-002
  3.16401e-002  3.08217e-002  2.76848e-002  2.59118e-002  2.89123e-002
  3.16401e-002  3.04126e-002  2.79576e-002  2.76848e-002  2.76848e-002
  2.79576e-002  2.87759e-002  2.68665e-002  2.56390e-002  2.82304e-002
  2.90487e-002  2.90487e-002  3.09581e-002  3.02762e-002  2.95942e-002
  3.02762e-002  2.83667e-002  2.61846e-002  2.65937e-002  2.75484e-002
  2.56390e-002  2.30476e-002  2.44115e-002  2.76848e-002  2.72757e-002
  2.55026e-002  2.44115e-002  2.31841e-002  2.53662e-002  2.60482e-002
  2.52299e-002  2.79576e-002  2.85031e-002  2.67301e-002  2.63209e-002
  2.63209e-002  2.70029e-002  2.70029e-002  2.49571e-002  2.52299e-002
  2.83667e-002  2.83667e-002  2.56390e-002  2.45479e-002  2.48207e-002
  2.46843e-002  2.48207e-002  2.52299e-002  2.45479e-002  2.27749e-002
  2.03199e-002  1.99108e-002  2.31841e-002  2.40024e-002  2.30476e-002
  2.60482e-002  2.76848e-002  2.57754e-002  2.34568e-002  2.04563e-002
  2.01835e-002  2.25021e-002  2.15474e-002  2.00471e-002  1.92288e-002
  1.70466e-002  1.82741e-002  2.27749e-002  2.45479e-002  2.30476e-002
  2.05927e-002  2.01835e-002  2.19566e-002  2.20929e-002  2.11383e-002
  2.16838e-002  2.20929e-002  2.00471e-002  1.89561e-002  2.07291e-002
  2.14110e-002  2.07291e-002  2.03199e-002  1.93652e-002  1.89561e-002
  2.00471e-002  2.29113e-002  2.40024e-002  2.23657e-002  2.25021e-002
  2.42751e-002  2.30476e-002  2.07291e-002  1.96380e-002  1.82741e-002
  1.89561e-002  2.22293e-002  2.31841e-002  2.18202e-002  2.25021e-002
  2.25021e-002  1.93652e-002  1.90924e-002  2.16838e-002  2.35932e-002
  2.40024e-002  2.29113e-002  2.29113e-002  2.31841e-002  2.07291e-002
  1.99108e-002  2.20929e-002  2.40024e-002  2.34568e-002  2.11383e-002
  2.11383e-002  2.20929e-002  2.04563e-002  1.95016e-002  2.00471e-002
  2.03199e-002  2.12746e-002  2.18202e-002  2.22293e-002  2.29113e-002
  2.23657e-002  2.22293e-002  2.20929e-002  2.04563e-002  1.93652e-002
  1.81378e-002  1.85469e-002  2.01835e-002  1.92288e-002  1.73194e-002
  1.62283e-002  1.80013e-002  2.11383e-002  2.01835e-002  1.90924e-002
  2.00471e-002  1.82741e-002  1.70466e-002  1.85469e-002  2.00471e-002
  2.05927e-002  1.95016e-002  1.84105e-002  1.93652e-002  1.84105e-002
  1.62283e-002  1.66374e-002  1.90924e-002  1.97744e-002  1.89561e-002
  1.96380e-002  2.04563e-002  1.95016e-002  1.82741e-002  1.69103e-002
  1.73194e-002  1.88196e-002  1.88196e-002  2.05927e-002  2.16838e-002
  1.93652e-002  1.88196e-002  2.03199e-002  1.97744e-002  1.66374e-002
  1.48644e-002  1.65011e-002  1.78649e-002  1.63647e-002  1.48644e-002
  1.67739e-002  1.96380e-002  1.93652e-002  1.70466e-002  1.66374e-002
  1.82741e-002  1.75922e-002
"

  [END] 